6 10 87
39 47 56
5 18 8
38 40 67
26 31 33
5 9 14
21 35 10
1 39 80
1 12 7
5 11 75
16 48 18
6 24 88
16 20 75
25 49 14
10 25 57
38 47 8
18 42 37
9 17 47
25 41 19
23 35 95
9 29 21
24 45 94
11 25 63
32 42 77
37 44 30
22 48 34
4 49 83
25 43 65
10 38 32
13 31 14
5 43 39
24 34 29
12 48 19
28 45 8
17 37 72
1 4 69
9 45 65
19 41 82
37 46 11
17 50 63
9 34 37
36 39 86
20 43 38
5 8 26
1 21 42
24 43 71
20 33 67
11 34 86
23 45 62
25 29 85
25 26 60
17 31 49
9 33 96
18 19 9
29 37 68
3 30 57
34 41 18
17 24 19
15 25 79
34 39 21
26 35 71
11 22 87
6 20 24
25 30 14
30 43 86
4 50 37
3 47 39
35 43 32
23 29 77
7 10 9
23 48 3
24 32 36
25 48 37
5 24 2
7 14 43
15 16 45
11 39 41
14 21 70
6 37 42
37 45 8
20 49 40
34 43 66
12 17 53
27 28 62
17 33 68
28 39 27
43 44 7
13 26 45
29 36 25
4 25 67
33 35 58
17 32 64
47 48 88
10 49 5
3 43 64
36 44 89
2 19 98
47 50 6
7 48 13
18 24 28
27 33 36
10 18 90
31 44 44
31 36 15
10 19 64
10 42 29
16 33 10
22 47 1
7 11 15
12 19 58
4 37 34
21 38 62
26 34 52
1 8 11
1 36 91
32 50 89
12 40 53
15 36 52
25 44 28
25 42 95
10 45 67
16 35 85
2 5 64
13 29 46
22 38 7
35 49 27
3 17 90
26 32 8
2 20 9
24 50 30
8 11 78
3 42 3
4 32 22
21 47 88
21 24 56
33 50 87
33 36 70
34 45 33
2 28 16
15 30 4
1 15 87
3 44 27
23 34 27
10 41 78
41 45 38
19 33 8
3 36 96
21 37 31
2 40 42
27 44 88
7 8 2
33 43 93
25 38 17
1 33 26
35 41 2
15 17 58
22 31 88
37 41 28
4 10 85
2 44 60
30 49 95
4 9 64
34 48 34
31 43 12
9 12 65
10 44 51
10 29 96
7 18 51
7 22 67
21 42 14
32 46 98
29 45 27
12 33 8
12 47 58
20 27 99
7 20 33
18 40 26
14 15 46
7 42 17
30 37 21
32 45 35
9 23 70
6 19 75
4 41 74
19 36 9
13 39 99
7 46 42
41 44 80
38 45 45
1 2 80
22 35 44
15 31 89
15 44 74
18 39 45
16 49 75
10 20 71
5 30 71
13 16 73
1 37 46
11 48 84
11 26 99
2 45 35
9 36 100
30 33 10
1 29 5
12 38 27
28 50 67
14 48 8
6 25 74
5 39 24
8 37 50
23 44 55
14 24 90
2 8 4
21 36 84
30 46 19
19 21 24
7 16 88
17 45 79
31 34 28
31 41 21
21 27 29
7 40 19
22 44 60
5 14 27
9 13 80
8 16 11
14 23 14
12 34 4
3 27 95
42 48 95
1 40 95
19 43 45
1 47 18
26 49 37
30 32 59
6 38 76
5 35 31
12 41 82
9 44 62
42 50 37
7 43 43
19 34 81
6 26 95